              module name  input shape output shape    params memory(MB)             MAdd            Flops  MemRead(B)  MemWrite(B) duration[%]     MemR+W(B)
0               conv1.0.0    3 544 544   32 272 272     864.0       9.03    125,476,864.0     63,922,176.0   3554688.0    9469952.0       2.50%  1.302464e+07
1               conv1.0.1   32 272 272   32 272 272      64.0       9.03      9,469,952.0      4,734,976.0   9470208.0    9469952.0       0.39%  1.894016e+07
2               conv1.0.2   32 272 272   32 272 272       0.0       9.03      2,367,488.0      2,367,488.0   9469952.0    9469952.0       0.87%  1.893990e+07
3          conv1.1.conv.0   32 272 272   32 272 272     288.0       9.03     40,247,296.0     21,307,392.0   9471104.0    9469952.0       2.27%  1.894106e+07
4          conv1.1.conv.1   32 272 272   32 272 272      64.0       9.03      9,469,952.0      4,734,976.0   9470208.0    9469952.0       0.31%  1.894016e+07
5          conv1.1.conv.2   32 272 272   32 272 272       0.0       9.03      2,367,488.0      2,367,488.0   9469952.0    9469952.0       0.89%  1.893990e+07
6          conv1.1.conv.3   32 272 272   16 272 272     512.0       4.52     74,575,872.0     37,879,808.0   9472000.0    4734976.0       1.78%  1.420698e+07
7          conv1.1.conv.4   16 272 272   16 272 272      32.0       4.52      4,734,976.0      2,367,488.0   4735104.0    4734976.0       0.16%  9.470080e+06
8          conv2.2.conv.0   16 272 272   96 272 272    1536.0      27.09    220,176,384.0    113,639,424.0   4741120.0   28409856.0       6.75%  3.315098e+07
9          conv2.2.conv.1   96 272 272   96 272 272     192.0      27.09     28,409,856.0     14,204,928.0  28410624.0   28409856.0       2.70%  5.682048e+07
10         conv2.2.conv.2   96 272 272   96 272 272       0.0      27.09      7,102,464.0      7,102,464.0  28409856.0   28409856.0       3.79%  5.681971e+07
11         conv2.2.conv.3   96 272 272   96 136 136     864.0       6.77     30,185,472.0     15,980,544.0  28413312.0    7102464.0       4.66%  3.551578e+07
12         conv2.2.conv.4   96 136 136   96 136 136     192.0       6.77      7,102,464.0      3,551,232.0   7103232.0    7102464.0       0.28%  1.420570e+07
13         conv2.2.conv.5   96 136 136   96 136 136       0.0       6.77      1,775,616.0      1,775,616.0   7102464.0    7102464.0       0.43%  1.420493e+07
14         conv2.2.conv.6   96 136 136   24 136 136    2304.0       1.69     84,785,664.0     42,614,784.0   7111680.0    1775616.0       0.97%  8.887296e+06
15         conv2.2.conv.7   24 136 136   24 136 136      48.0       1.69      1,775,616.0        887,808.0   1775808.0    1775616.0       0.07%  3.551424e+06
16         conv2.3.conv.0   24 136 136  144 136 136    3456.0      10.16    125,180,928.0     63,922,176.0   1789440.0   10653696.0       1.53%  1.244314e+07
17         conv2.3.conv.1  144 136 136  144 136 136     288.0      10.16     10,653,696.0      5,326,848.0  10654848.0   10653696.0       0.50%  2.130854e+07
18         conv2.3.conv.2  144 136 136  144 136 136       0.0      10.16      2,663,424.0      2,663,424.0  10653696.0   10653696.0       1.13%  2.130739e+07
19         conv2.3.conv.3  144 136 136  144 136 136    1296.0      10.16     45,278,208.0     23,970,816.0  10658880.0   10653696.0       2.56%  2.131258e+07
20         conv2.3.conv.4  144 136 136  144 136 136     288.0      10.16     10,653,696.0      5,326,848.0  10654848.0   10653696.0       0.39%  2.130854e+07
21         conv2.3.conv.5  144 136 136  144 136 136       0.0      10.16      2,663,424.0      2,663,424.0  10653696.0   10653696.0       1.17%  2.130739e+07
22         conv2.3.conv.6  144 136 136   24 136 136    3456.0       1.69    127,400,448.0     63,922,176.0  10667520.0    1775616.0       1.71%  1.244314e+07
23         conv2.3.conv.7   24 136 136   24 136 136      48.0       1.69      1,775,616.0        887,808.0   1775808.0    1775616.0       0.09%  3.551424e+06
24         conv3.4.conv.0   24 136 136  144 136 136    3456.0      10.16    125,180,928.0     63,922,176.0   1789440.0   10653696.0       1.51%  1.244314e+07
25         conv3.4.conv.1  144 136 136  144 136 136     288.0      10.16     10,653,696.0      5,326,848.0  10654848.0   10653696.0       0.46%  2.130854e+07
26         conv3.4.conv.2  144 136 136  144 136 136       0.0      10.16      2,663,424.0      2,663,424.0  10653696.0   10653696.0       1.13%  2.130739e+07
27         conv3.4.conv.3  144 136 136  144  68  68    1296.0       2.54     11,319,552.0      5,992,704.0  10658880.0    2663424.0       1.63%  1.332230e+07
28         conv3.4.conv.4  144  68  68  144  68  68     288.0       2.54      2,663,424.0      1,331,712.0   2664576.0    2663424.0       0.12%  5.328000e+06
29         conv3.4.conv.5  144  68  68  144  68  68       0.0       2.54        665,856.0        665,856.0   2663424.0    2663424.0       0.12%  5.326848e+06
30         conv3.4.conv.6  144  68  68   32  68  68    4608.0       0.56     42,466,816.0     21,307,392.0   2681856.0     591872.0       0.37%  3.273728e+06
31         conv3.4.conv.7   32  68  68   32  68  68      64.0       0.56        591,872.0        295,936.0    592128.0     591872.0       0.05%  1.184000e+06
32         conv3.5.conv.0   32  68  68  192  68  68    6144.0       3.39     55,931,904.0     28,409,856.0    616448.0    3551232.0       0.50%  4.167680e+06
33         conv3.5.conv.1  192  68  68  192  68  68     384.0       3.39      3,551,232.0      1,775,616.0   3552768.0    3551232.0       0.08%  7.104000e+06
34         conv3.5.conv.2  192  68  68  192  68  68       0.0       3.39        887,808.0        887,808.0   3551232.0    3551232.0       0.31%  7.102464e+06
35         conv3.5.conv.3  192  68  68  192  68  68    1728.0       3.39     15,092,736.0      7,990,272.0   3558144.0    3551232.0       0.72%  7.109376e+06
36         conv3.5.conv.4  192  68  68  192  68  68     384.0       3.39      3,551,232.0      1,775,616.0   3552768.0    3551232.0       0.09%  7.104000e+06
37         conv3.5.conv.5  192  68  68  192  68  68       0.0       3.39        887,808.0        887,808.0   3551232.0    3551232.0       0.30%  7.102464e+06
38         conv3.5.conv.6  192  68  68   32  68  68    6144.0       0.56     56,671,744.0     28,409,856.0   3575808.0     591872.0       0.55%  4.167680e+06
39         conv3.5.conv.7   32  68  68   32  68  68      64.0       0.56        591,872.0        295,936.0    592128.0     591872.0       0.03%  1.184000e+06
40         conv3.6.conv.0   32  68  68  192  68  68    6144.0       3.39     55,931,904.0     28,409,856.0    616448.0    3551232.0       0.47%  4.167680e+06
41         conv3.6.conv.1  192  68  68  192  68  68     384.0       3.39      3,551,232.0      1,775,616.0   3552768.0    3551232.0       0.08%  7.104000e+06
42         conv3.6.conv.2  192  68  68  192  68  68       0.0       3.39        887,808.0        887,808.0   3551232.0    3551232.0       0.29%  7.102464e+06
43         conv3.6.conv.3  192  68  68  192  68  68    1728.0       3.39     15,092,736.0      7,990,272.0   3558144.0    3551232.0       0.64%  7.109376e+06
44         conv3.6.conv.4  192  68  68  192  68  68     384.0       3.39      3,551,232.0      1,775,616.0   3552768.0    3551232.0       0.08%  7.104000e+06
45         conv3.6.conv.5  192  68  68  192  68  68       0.0       3.39        887,808.0        887,808.0   3551232.0    3551232.0       0.29%  7.102464e+06
46         conv3.6.conv.6  192  68  68   32  68  68    6144.0       0.56     56,671,744.0     28,409,856.0   3575808.0     591872.0       0.43%  4.167680e+06
47         conv3.6.conv.7   32  68  68   32  68  68      64.0       0.56        591,872.0        295,936.0    592128.0     591872.0       0.03%  1.184000e+06
48         conv4.7.conv.0   32  68  68  192  68  68    6144.0       3.39     55,931,904.0     28,409,856.0    616448.0    3551232.0       0.54%  4.167680e+06
49         conv4.7.conv.1  192  68  68  192  68  68     384.0       3.39      3,551,232.0      1,775,616.0   3552768.0    3551232.0       0.08%  7.104000e+06
50         conv4.7.conv.2  192  68  68  192  68  68       0.0       3.39        887,808.0        887,808.0   3551232.0    3551232.0       0.32%  7.102464e+06
51         conv4.7.conv.3  192  68  68  192  34  34    1728.0       0.85      3,773,184.0      1,997,568.0   3558144.0     887808.0       0.52%  4.445952e+06
52         conv4.7.conv.4  192  34  34  192  34  34     384.0       0.85        887,808.0        443,904.0    889344.0     887808.0       0.03%  1.777152e+06
53         conv4.7.conv.5  192  34  34  192  34  34       0.0       0.85        221,952.0        221,952.0    887808.0     887808.0       0.04%  1.775616e+06
54         conv4.7.conv.6  192  34  34   64  34  34   12288.0       0.28     28,335,872.0     14,204,928.0    936960.0     295936.0       0.28%  1.232896e+06
55         conv4.7.conv.7   64  34  34   64  34  34     128.0       0.28        295,936.0        147,968.0    296448.0     295936.0       0.04%  5.923840e+05
56         conv4.8.conv.0   64  34  34  384  34  34   24576.0       1.69     56,375,808.0     28,409,856.0    394240.0    1775616.0       0.47%  2.169856e+06
57         conv4.8.conv.1  384  34  34  384  34  34     768.0       1.69      1,775,616.0        887,808.0   1778688.0    1775616.0       0.19%  3.554304e+06
58         conv4.8.conv.2  384  34  34  384  34  34       0.0       1.69        443,904.0        443,904.0   1775616.0    1775616.0       0.19%  3.551232e+06
59         conv4.8.conv.3  384  34  34  384  34  34    3456.0       1.69      7,546,368.0      3,995,136.0   1789440.0    1775616.0       0.64%  3.565056e+06
60         conv4.8.conv.4  384  34  34  384  34  34     768.0       1.69      1,775,616.0        887,808.0   1778688.0    1775616.0       0.07%  3.554304e+06
61         conv4.8.conv.5  384  34  34  384  34  34       0.0       1.69        443,904.0        443,904.0   1775616.0    1775616.0       0.17%  3.551232e+06
62         conv4.8.conv.6  384  34  34   64  34  34   24576.0       0.28     56,745,728.0     28,409,856.0   1873920.0     295936.0       0.46%  2.169856e+06
63         conv4.8.conv.7   64  34  34   64  34  34     128.0       0.28        295,936.0        147,968.0    296448.0     295936.0       0.03%  5.923840e+05
64         conv4.9.conv.0   64  34  34  384  34  34   24576.0       1.69     56,375,808.0     28,409,856.0    394240.0    1775616.0       0.34%  2.169856e+06
65         conv4.9.conv.1  384  34  34  384  34  34     768.0       1.69      1,775,616.0        887,808.0   1778688.0    1775616.0       0.16%  3.554304e+06
66         conv4.9.conv.2  384  34  34  384  34  34       0.0       1.69        443,904.0        443,904.0   1775616.0    1775616.0       0.19%  3.551232e+06
67         conv4.9.conv.3  384  34  34  384  34  34    3456.0       1.69      7,546,368.0      3,995,136.0   1789440.0    1775616.0       0.50%  3.565056e+06
68         conv4.9.conv.4  384  34  34  384  34  34     768.0       1.69      1,775,616.0        887,808.0   1778688.0    1775616.0       0.20%  3.554304e+06
69         conv4.9.conv.5  384  34  34  384  34  34       0.0       1.69        443,904.0        443,904.0   1775616.0    1775616.0       0.17%  3.551232e+06
70         conv4.9.conv.6  384  34  34   64  34  34   24576.0       0.28     56,745,728.0     28,409,856.0   1873920.0     295936.0       0.35%  2.169856e+06
71         conv4.9.conv.7   64  34  34   64  34  34     128.0       0.28        295,936.0        147,968.0    296448.0     295936.0       0.02%  5.923840e+05
72        conv4.10.conv.0   64  34  34  384  34  34   24576.0       1.69     56,375,808.0     28,409,856.0    394240.0    1775616.0       0.34%  2.169856e+06
73        conv4.10.conv.1  384  34  34  384  34  34     768.0       1.69      1,775,616.0        887,808.0   1778688.0    1775616.0       0.14%  3.554304e+06
74        conv4.10.conv.2  384  34  34  384  34  34       0.0       1.69        443,904.0        443,904.0   1775616.0    1775616.0       0.15%  3.551232e+06
75        conv4.10.conv.3  384  34  34  384  34  34    3456.0       1.69      7,546,368.0      3,995,136.0   1789440.0    1775616.0       0.47%  3.565056e+06
76        conv4.10.conv.4  384  34  34  384  34  34     768.0       1.69      1,775,616.0        887,808.0   1778688.0    1775616.0       0.15%  3.554304e+06
77        conv4.10.conv.5  384  34  34  384  34  34       0.0       1.69        443,904.0        443,904.0   1775616.0    1775616.0       0.16%  3.551232e+06
78        conv4.10.conv.6  384  34  34   64  34  34   24576.0       0.28     56,745,728.0     28,409,856.0   1873920.0     295936.0       0.34%  2.169856e+06
79        conv4.10.conv.7   64  34  34   64  34  34     128.0       0.28        295,936.0        147,968.0    296448.0     295936.0       0.03%  5.923840e+05
80        conv4.11.conv.0   64  34  34  384  34  34   24576.0       1.69     56,375,808.0     28,409,856.0    394240.0    1775616.0       0.31%  2.169856e+06
81        conv4.11.conv.1  384  34  34  384  34  34     768.0       1.69      1,775,616.0        887,808.0   1778688.0    1775616.0       0.14%  3.554304e+06
82        conv4.11.conv.2  384  34  34  384  34  34       0.0       1.69        443,904.0        443,904.0   1775616.0    1775616.0       0.15%  3.551232e+06
83        conv4.11.conv.3  384  34  34  384  34  34    3456.0       1.69      7,546,368.0      3,995,136.0   1789440.0    1775616.0       0.43%  3.565056e+06
84        conv4.11.conv.4  384  34  34  384  34  34     768.0       1.69      1,775,616.0        887,808.0   1778688.0    1775616.0       0.15%  3.554304e+06
85        conv4.11.conv.5  384  34  34  384  34  34       0.0       1.69        443,904.0        443,904.0   1775616.0    1775616.0       0.18%  3.551232e+06
86        conv4.11.conv.6  384  34  34   96  34  34   36864.0       0.42     85,118,592.0     42,614,784.0   1923072.0     443904.0       0.54%  2.366976e+06
87        conv4.11.conv.7   96  34  34   96  34  34     192.0       0.42        443,904.0        221,952.0    444672.0     443904.0       0.04%  8.885760e+05
88        conv4.12.conv.0   96  34  34  576  34  34   55296.0       2.54    127,178,496.0     63,922,176.0    665088.0    2663424.0       0.65%  3.328512e+06
89        conv4.12.conv.1  576  34  34  576  34  34    1152.0       2.54      2,663,424.0      1,331,712.0   2668032.0    2663424.0       0.19%  5.331456e+06
90        conv4.12.conv.2  576  34  34  576  34  34       0.0       2.54        665,856.0        665,856.0   2663424.0    2663424.0       0.24%  5.326848e+06
91        conv4.12.conv.3  576  34  34  576  34  34    5184.0       2.54     11,319,552.0      5,992,704.0   2684160.0    2663424.0       0.72%  5.347584e+06
92        conv4.12.conv.4  576  34  34  576  34  34    1152.0       2.54      2,663,424.0      1,331,712.0   2668032.0    2663424.0       0.07%  5.331456e+06
93        conv4.12.conv.5  576  34  34  576  34  34       0.0       2.54        665,856.0        665,856.0   2663424.0    2663424.0       0.23%  5.326848e+06
94        conv4.12.conv.6  576  34  34   96  34  34   55296.0       0.42    127,733,376.0     63,922,176.0   2884608.0     443904.0       0.64%  3.328512e+06
95        conv4.12.conv.7   96  34  34   96  34  34     192.0       0.42        443,904.0        221,952.0    444672.0     443904.0       0.03%  8.885760e+05
96        conv4.13.conv.0   96  34  34  576  34  34   55296.0       2.54    127,178,496.0     63,922,176.0    665088.0    2663424.0       0.55%  3.328512e+06
97        conv4.13.conv.1  576  34  34  576  34  34    1152.0       2.54      2,663,424.0      1,331,712.0   2668032.0    2663424.0       0.22%  5.331456e+06
98        conv4.13.conv.2  576  34  34  576  34  34       0.0       2.54        665,856.0        665,856.0   2663424.0    2663424.0       0.26%  5.326848e+06
99        conv4.13.conv.3  576  34  34  576  34  34    5184.0       2.54     11,319,552.0      5,992,704.0   2684160.0    2663424.0       0.69%  5.347584e+06
100       conv4.13.conv.4  576  34  34  576  34  34    1152.0       2.54      2,663,424.0      1,331,712.0   2668032.0    2663424.0       0.23%  5.331456e+06
101       conv4.13.conv.5  576  34  34  576  34  34       0.0       2.54        665,856.0        665,856.0   2663424.0    2663424.0       0.26%  5.326848e+06
102       conv4.13.conv.6  576  34  34   96  34  34   55296.0       0.42    127,733,376.0     63,922,176.0   2884608.0     443904.0       0.59%  3.328512e+06
103       conv4.13.conv.7   96  34  34   96  34  34     192.0       0.42        443,904.0        221,952.0    444672.0     443904.0       0.04%  8.885760e+05
104      decode4.upsample   96  34  34   96  68  68       0.0       1.69              0.0          4,624.0         0.0          0.0       0.37%  0.000000e+00
105    decode4.ir1.conv.0  128  68  68   19  68  68    2432.0       0.34     22,403,280.0     11,245,568.0   2377216.0     351424.0       0.62%  2.728640e+06
106    decode4.ir1.conv.1   19  68  68   19  68  68      38.0       0.34        351,424.0        175,712.0    351576.0     351424.0       0.06%  7.030000e+05
107    decode4.ir1.conv.2   19  68  68   19  68  68       0.0       0.34         87,856.0         87,856.0    351424.0     351424.0       0.05%  7.028480e+05
108    decode4.ir1.conv.3   19  68  68   19  68  68     171.0       0.34      1,493,552.0        790,704.0    352108.0     351424.0       0.21%  7.035320e+05
109    decode4.ir1.conv.4   19  68  68   19  68  68      38.0       0.34        351,424.0        175,712.0    351576.0     351424.0       0.03%  7.030000e+05
110    decode4.ir1.conv.5   19  68  68   19  68  68       0.0       0.34         87,856.0         87,856.0    351424.0     351424.0       0.05%  7.028480e+05
111    decode4.ir1.conv.6   19  68  68   64  68  68    1216.0       1.13     10,949,632.0      5,622,784.0    356288.0    1183744.0       0.33%  1.540032e+06
112    decode4.ir1.conv.7   64  68  68   64  68  68     128.0       1.13      1,183,744.0        591,872.0   1184256.0    1183744.0       0.07%  2.368000e+06
113      decode3.upsample   64  68  68   64 136 136       0.0       4.52              0.0         18,496.0         0.0          0.0       0.46%  0.000000e+00
114    decode3.ir1.conv.0   88 136 136   13 136 136    1144.0       0.92     42,078,400.0     21,159,424.0   6515168.0     961792.0       1.21%  7.476960e+06
115    decode3.ir1.conv.1   13 136 136   13 136 136      26.0       0.92        961,792.0        480,896.0    961896.0     961792.0       0.07%  1.923688e+06
116    decode3.ir1.conv.2   13 136 136   13 136 136       0.0       0.92        240,448.0        240,448.0    961792.0     961792.0       0.07%  1.923584e+06
117    decode3.ir1.conv.3   13 136 136   13 136 136     117.0       0.92      4,087,616.0      2,164,032.0    962260.0     961792.0       0.35%  1.924052e+06
118    decode3.ir1.conv.4   13 136 136   13 136 136      26.0       0.92        961,792.0        480,896.0    961896.0     961792.0       0.05%  1.923688e+06
119    decode3.ir1.conv.5   13 136 136   13 136 136       0.0       0.92        240,448.0        240,448.0    961792.0     961792.0       0.06%  1.923584e+06
120    decode3.ir1.conv.6   13 136 136   44 136 136     572.0       3.10     20,345,600.0     10,579,712.0    964080.0    3255296.0       0.92%  4.219376e+06
121    decode3.ir1.conv.7   44 136 136   44 136 136      88.0       3.10      3,255,296.0      1,627,648.0   3255648.0    3255296.0       0.09%  6.510944e+06
122      decode2.upsample   44 136 136   44 272 272       0.0      12.42              0.0         73,984.0         0.0          0.0       1.21%  0.000000e+00
123    decode2.ir1.conv.0   60 272 272    9 272 272     540.0       2.54     79,236,864.0     39,951,360.0  17758320.0    2663424.0       3.50%  2.042174e+07
124    decode2.ir1.conv.1    9 272 272    9 272 272      18.0       2.54      2,663,424.0      1,331,712.0   2663496.0    2663424.0       0.17%  5.326920e+06
125    decode2.ir1.conv.2    9 272 272    9 272 272       0.0       2.54        665,856.0        665,856.0   2663424.0    2663424.0       0.15%  5.326848e+06
126    decode2.ir1.conv.3    9 272 272    9 272 272      81.0       2.54     11,319,552.0      5,992,704.0   2663748.0    2663424.0       0.82%  5.327172e+06
127    decode2.ir1.conv.4    9 272 272    9 272 272      18.0       2.54      2,663,424.0      1,331,712.0   2663496.0    2663424.0       0.16%  5.326920e+06
128    decode2.ir1.conv.5    9 272 272    9 272 272       0.0       2.54        665,856.0        665,856.0   2663424.0    2663424.0       0.13%  5.326848e+06
129    decode2.ir1.conv.6    9 272 272   30 272 272     270.0       8.47     37,731,840.0     19,975,680.0   2664504.0    8878080.0       2.91%  1.154258e+07
130    decode2.ir1.conv.7   30 272 272   30 272 272      60.0       8.47      8,878,080.0      4,439,040.0   8878320.0    8878080.0       0.44%  1.775640e+07
131      decode1.upsample   30 272 272   30 544 544       0.0      33.87              0.0        295,936.0         0.0          0.0       3.14%  0.000000e+00
132    decode1.ir1.conv.0   33 544 544    5 544 544     165.0       5.64     96,179,200.0     48,829,440.0  39064212.0    5918720.0      10.80%  4.498293e+07
133    decode1.ir1.conv.1    5 544 544    5 544 544      10.0       5.64      5,918,720.0      2,959,360.0   5918760.0    5918720.0       0.39%  1.183748e+07
134    decode1.ir1.conv.2    5 544 544    5 544 544       0.0       5.64      1,479,680.0      1,479,680.0   5918720.0    5918720.0       0.49%  1.183744e+07
135    decode1.ir1.conv.3    5 544 544    5 544 544      45.0       5.64     25,154,560.0     13,317,120.0   5918900.0    5918720.0       2.75%  1.183762e+07
136    decode1.ir1.conv.4    5 544 544    5 544 544      10.0       5.64      5,918,720.0      2,959,360.0   5918760.0    5918720.0       0.42%  1.183748e+07
137    decode1.ir1.conv.5    5 544 544    5 544 544       0.0       5.64      1,479,680.0      1,479,680.0   5918720.0    5918720.0       0.31%  1.183744e+07
138    decode1.ir1.conv.6    5 544 544    1 544 544       5.0       1.13      2,663,424.0      1,479,680.0   5918740.0    1183744.0       3.40%  7.102484e+06
139    decode1.ir1.conv.7    1 544 544    1 544 544       2.0       1.13      1,183,744.0        591,872.0   1183752.0    1183744.0       0.22%  2.367496e+06
total                                                549748.0     540.08  3,010,399,712.0  1,547,070,176.0   1183752.0    1183744.0     100.00%  1.079036e+09
=============================================================================================================================================================
Total params: 549,748
-------------------------------------------------------------------------------------------------------------------------------------------------------------
Total memory: 540.08MB
Total MAdd: 3.01GMAdd
Total Flops: 1.55GFlops
Total MemR+W: 1.0GB
