0
0.8755577802658081
0.8792051672935486
0.8819150328636169
0.8828704357147217
0.8840086758136749
0.8839451968669891
0.8849727511405945
0.8846727609634399
0.88563272356987
0.8853902816772461
0.8852671980857849
0.8861455321311951
0.885752946138382
0.8861585259437561
0.8866835236549377
0.8859560489654541
0.8859332799911499
0.8865873515605927
0.8862711489200592
0.8856352269649506
0.886241614818573
	0.8867773413658142
0.8866483569145203
0.8858133256435394
0.8864468336105347
0.8853126168251038
0.88591468334198
0.8860675096511841
0.8857465982437134
0.8861357867717743
0.8858101069927216
0.8866194486618042
0.8852577209472656
0.8855382204055786
0.8851633369922638
0.8845074772834778
0.8859405517578125
0.8851346671581268
0.8849041759967804
0.8852430880069733
0.8830310702323914
0.8852105736732483
0.8851703405380249
0.8834981620311737
0.8847457468509674
0.8835419714450836
0.8841243982315063
0.8840143978595734
0.8839655220508575
0.8831528127193451
0.8838531672954559
0.8837986588478088
0.8836263418197632
0.8844646513462067
0.8833485543727875
0.8828395903110504
0.883727490901947
0.8830331265926361
0.882560670375824
0.8819523453712463
0.8823925256729126
0.8822534084320068
0.8821396231651306
0.8824297785758972
0.8801757991313934
0.8804164528846741
0.8812729716300964
0.8803103268146515
0.8814599812030792
0.8803330957889557
0.8812738955020905
0.8796093463897705
0.8791444897651672
0.8799432516098022
0.878237396478653
0.8792471885681152
0.8800944983959198
0.8796713352203369
0.8784892559051514
0.8778467774391174
0.877444326877594
0.8788736164569855
0.8775449693202972
0.8783693909645081
0.876541256904602
