0
0.8705316781997681
0.8669219613075256
0.869271993637085
0.8727419078350067
0.8753438293933868
0.8769556879997253
0.8784394562244415
0.8796077370643616
0.8798492252826691
0.8807665407657623
0.8802955150604248
0.8817562162876129
0.8815989196300507
0.8820013403892517
0.8818129003047943
0.8818822503089905
0.8826509416103363
0.8828037083148956
0.8830727636814117
0.8830814063549042
0.8834028244018555
0.8841870725154877
0.8843305110931396
0.8836084604263306
0.8842086791992188
0.8838246166706085
0.8844917118549347
0.883411705493927
0.8846927881240845
0.8844020068645477
0.885187029838562
0.8844203352928162
0.8859661221504211
0.8839912116527557
0.8813398480415344
0.8826717436313629
0.8840053677558899
0.8831861913204193
0.8834166526794434
0.8837426006793976
0.8816441595554352
0.8836444616317749
0.8825850784778595
0.8836202025413513
0.8823005557060242
0.8795287311077118
0.8850690126419067
0.8852832615375519
0.8859279155731201
0.8831265568733215
0.8841936588287354
0.8855773508548737
0.8850431442260742
0.8843645453453064
0.8823759257793427
0.8805248141288757
0.8792814314365387
0.88152015209198
0.8813311755657196
0.8794532716274261
0.882083922624588
0.880240261554718
0.8819584250450134
0.88216832280159
0.8814990520477295
0.8806823790073395
0.8804607391357422
0.8807054758071899
0.8816290497779846
0.8811662197113037
0.8821355700492859
0.8806946873664856
0.8792494535446167
0.8806378841400146
0.8801076412200928
0.8799064457416534
0.8806318044662476
0.8799039125442505
0.8805566430091858
0.8759829699993134
0.8799014389514923
0.8771032094955444
0.8784478306770325
0.8787992596626282
0.8769367933273315
0.8782106637954712
0.8767325282096863
0.877223789691925
0.8750229775905609
0.8761987388134003
0.8748618364334106
0.8739555180072784
0.8751119673252106
0.8766409158706665
0.8734529912471771
0.8749706447124481
0.8727140426635742
0.8751894235610962
0.8803349137306213
0.8763716518878937
0.8730613589286804
